[Variables]
nozzle_expansion_applied_offset = 0.017062500001077917
nozzle_expansion_coefficient = 0.026250000001658336

