[Variables]
nozzle_expansion_applied_offset = 0.024937500001575418
nozzle_expansion_coefficient = 0.026250000001658336

