[Variables]
nozzle_expansion_applied_offset = 0.019687500001243752
nozzle_expansion_coefficient = 0.026250000001658336

