[Variables]
nozzle_expansion_applied_offset = 0.028875000001824167
nozzle_expansion_coefficient = 0.026250000001658336

