[Variables]
nozzle_expansion_applied_offset = 0.018375000001160834
nozzle_expansion_coefficient = 0.026250000001658336

